Evaluating the list of runs in range [190000-206088] divided by luminosity of 100 pb-1
lumiCalc finished with total of 500 runs
Selecting run ranges by luminosity

Runs: [ 190000,190738,191056,191226,191271,191721,191834,193336,193621,194050,194108,194150,194210,194314,194424,194429,194479,194533,194691,194711,194789,194912,195016,195113,195163,195266,195304,195378,195397,195399,195540,195552,195655,195758,195774,195915,195947,195950,196197,196218,196250,196362,196364,196437,196452,196453,198063,198230,198271,198487,198955,198969,199021,199319,199409,199435,199571,199608,199703,199754,199812,199833,199864,199876,199960,200041,200075,200091,200190,200244,200381,200473,200519,200532,200600,200991,201097,201168,201191,201278,201613,201657,201671,201707,201802,202013,202016,202045,202060,202084,202087,202178,202237,202272,202314,202389,202478,202504,202973,203002,203894,203912,203987,204113,204250,204554,204564,204577,204601,205158,205217,205238,205311,205344,205617,205667,205718,205826,205921,206088 ]
Number of Run ranges: 119

Total Luminosity: 16080.387994 /pb
From lumiCalc2.py:
| Delivered LS | Total CMS LS | Delivered(/fb) |
------------------------------------------------
|       183317 |       183317 |         16.080 |
