Evaluating the list of runs in range [190000-206088] divided by luminosity of 100 pb-1
lumiCalc finished with total of 860 runs
Selecting run ranges by luminosity

Runs: [ 190000,190707,190895,191086,191226,191271,191700,191811,191845,193336,193621,194050,194108,194120,194199,194225,194315,194428,194455,194480,194627,194691,194711,194789,194912,195016,195113,195163,195266,195304,195378,195397,195399,195540,195552,195655,195757,195774,195915,195937,195950,196096,196197,196218,196250,196353,196364,196433,196438,196452,196453,196531,198212,198230,198271,198487,198955,198969,199021,199319,199409,199435,199569,199608,199703,199754,199812,199833,199864,199876,199960,200041,200075,200091,200190,200244,200369,200473,200519,200525,200600,200786,200991,201097,201168,201191,201278,201410,201424,201602,201624,201625,201671,201707,201802,201824,202016,202045,202060,202084,202087,202178,202237,202272,202304,202328,202472,202478,202504,202973,203002,203894,203912,203987,204113,204250,204541,204553,204563,204564,204577,204601,205158,205215,205238,205311,205344,205595,205620,205667,205694,205774,205826,205921,206088 ]
Number of Run ranges: 134

Total Luminosity: 18327.277184655 /pb
From lumiCalc2.py:
| Delivered LS | Total CMS LS | Delivered(/fb) |
------------------------------------------------
|       251623 |       239699 |         18.327 |
